2 100
0.6403697154 0.4712688796
0.1417414566 0.0649612654
0.5097182313 0.3122455771
0.4424273415 0.4195115407
0.1250624085 0.5271662681
0.7708590858 0.9147194622
0.3586929810 0.7600662427
0.7951376297 0.7262615439
0.8564928461 0.4993661113
0.0411406974 0.8840608552
0.9586729242 0.7223354328
0.9310938921 0.1749755481
0.1247931563 0.2399725470
0.4727359029 0.1427316469
0.3847740507 0.5708700864
0.5482353174 0.6947372594
0.9304933689 0.7203810634
0.5459889068 0.2007743009
0.1950300000 0.9134998560
0.7381364520 0.6394262954
0.8689028292 0.3878454452
0.1143393545 0.1063095691
0.2630473819 0.0845876492
0.6183845207 0.1456067323
0.6223211166 0.1483064133
0.7514282745 0.9057009781
0.8096988659 0.2061190432
0.5559419708 0.7827921384
0.0654351963 0.8984229228
0.9057904237 0.8405123274
0.5606605773 0.1678745294
0.6687460166 0.2529013294
0.7768732720 0.5781452339
0.7867220965 0.8046131966
0.2719376745 0.5004584029
0.4872498677 0.4381018489
0.0194686924 0.0669214515
0.0462096127 0.1887852342
0.1351311800 0.7883282655
0.6798842026 0.1008321919
0.3248693359 0.7339442078
0.2533442095 0.8015167949
0.8370005532 0.7462178851
0.0569622547 0.7854968286
0.0939215776 0.1194631769
0.0357026042 0.1906219503
0.9294926595 0.6882290096
0.0293654343 0.4772633797
0.5934253920 0.6980709284
0.0905920705 0.7983461541
0.8259675651 0.7254901295
0.0080415948 0.5123027642
0.1408246654 0.8567280765
0.1221221358 0.7199685821
0.1713089213 0.8247915913
0.9146268760 0.5066270136
0.0448334816 0.1595303807
0.7802655126 0.8405537370
0.1628329276 0.5542164006
0.3228029776 0.5681131259
0.9808939652 0.8415410397
0.0740227810 0.9044756699
0.5273828786 0.1637429305
0.9793425599 0.9077716759
0.3104899474 0.3924963807
0.2703526436 0.0259907040
0.3038996068 0.1623831673
0.8781953181 0.3324019691
0.6397987198 0.0480185250
0.6107646267 0.2314390005
0.0432794753 0.6956801552
0.6597087103 0.6634205679
0.0164873839 0.1715894639
0.7011370600 0.5411129068
0.8094775855 0.3349917221
0.3407821558 0.5749502400
0.5424354148 0.9810492079
0.9374048590 0.6617664206
0.7363499246 0.7167471060
0.0083200503 0.4401080245
0.3963659732 0.4484557292
0.5245595071 0.8888618241
0.6562070434 0.5750676542
0.1517743309 0.5884813885
0.9875711984 0.2243950413
0.5876064931 0.6692113515
0.1665076291 0.7547000960
0.0801677029 0.1621891622
0.8647037946 0.5309558019
0.2210917788 0.9534826886
0.8119969520 0.0207726666
0.8641289063 0.4820003115
0.1004403468 0.1066366638
0.8814315881 0.2763344609
0.1698224540 0.8639643453
0.8640489364 0.5931642117
0.8246067516 0.8335556176
0.2151438564 0.5809354005
0.2650875205 0.8132209671
0.9709544412 0.3258476751
