4 100
0.7678300917 0.5623317489 0.5797207911 0.4254485352
0.3760652318 0.6684512998 0.8365604623 0.2624913063
0.0913619229 0.3145164835 0.5383864424 0.4795203712
0.8232449052 0.7050480793 0.8400281547 0.6020212119
0.7953598020 0.2312262386 0.6169397854 0.3699212319
0.9460697279 0.7464391074 0.8441379699 0.8603339909
0.2474072447 0.7718821401 0.7650426853 0.0501369834
0.9995430632 0.9887051100 0.4640340814 0.4295632324
0.9719920479 0.9061152004 0.0988464023 0.1557487222
0.4949755246 0.0787698311 0.8607831718 0.8599038099
0.2546699010 0.6970213452 0.7364835985 0.0369379094
0.7649831291 0.6198882474 0.7728116512 0.8881483890
0.8612395260 0.6832623525 0.9032929117 0.8662562382
0.5790290386 0.1524326958 0.4239735721 0.1453635417
0.6260465964 0.2502933291 0.1759317007 0.5301067334
0.1544157874 0.5954779486 0.4348119454 0.3274045693
0.0347599670 0.3251835582 0.5467056074 0.2073371315
0.2044795589 0.2943709530 0.6153953561 0.8726142451
0.2918390296 0.0546066317 0.7090840783 0.8849420620
0.3745168275 0.4642554655 0.4183151752 0.3539664258
0.5423575100 0.8935445546 0.3225051407 0.6160182518
0.2485043563 0.4543875332 0.1419542349 0.9610762830
0.5445920935 0.0068999380 0.1854264393 0.3458548649
0.6626200493 0.6939927299 0.3372914944 0.1282309186
0.7482016513 0.2273227644 0.3736665767 0.8493874265
0.6928249948 0.6300590471 0.7411392748 0.2175583270
0.6529486154 0.0203249836 0.1821971595 0.6805277788
0.5568513894 0.9730337948 0.4865051670 0.7459778761
0.0588916937 0.1934722796 0.8340716865 0.7158305861
0.1550501998 0.0630457051 0.3019460682 0.8216257513
0.2378663299 0.9905527383 0.8440122072 0.2391589979
0.7827970639 0.6450827916 0.3470924093 0.7344462265
0.8329306820 0.7573369819 0.5973919387 0.3979728669
0.7983312396 0.6746854471 0.7183029267 0.0591743665
0.8434709275 0.6313545887 0.6849399078 0.7897184044
0.5662688355 0.0303012049 0.9299843450 0.4185429293
0.8914938893 0.2126384633 0.6593050117 0.9943798320
0.2196747720 0.3557929908 0.2539438060 0.5055684427
0.5657626575 0.0475543819 0.7568290567 0.8796148347
0.2780252935 0.1374907120 0.0252085550 0.3747354833
0.5587433768 0.2928376459 0.8259503993 0.2656734311
0.8010897414 0.6161009765 0.1692971783 0.9158401890
0.8889204591 0.1622000974 0.9588899835 0.9860046252
0.4130982042 0.7683804178 0.8154169050 0.1715680486
0.8312669276 0.7283037581 0.3962829582 0.4176950934
0.6738912732 0.4272910214 0.6127306819 0.8378462615
0.5832748659 0.7827856429 0.4348322833 0.1184574641
0.0408596981 0.7199968560 0.2160975872 0.1635352494
0.9627927386 0.0660778388 0.2814483429 0.4702453806
0.5303528037 0.9533324409 0.5619257321 0.8447287440
0.3421313820 0.4543551860 0.7158928508 0.0176598512
0.4230922190 0.1759440072 0.1475427174 0.4553587702
0.6030248073 0.2061382269 0.4964283354 0.2050407597
0.6512712044 0.7315466917 0.9304585947 0.5117955372
0.9932446491 0.4442298290 0.9706362937 0.2241421136
0.3464483478 0.9226221730 0.2429386189 0.3062482762
0.1404860030 0.0796237884 0.4035664040 0.7460449159
0.5715074644 0.5491044654 0.0220504125 0.7553561948
0.5550558564 0.1142584144 0.6531952902 0.1519454093
0.5877709208 0.5085406382 0.2315695364 0.6169111791
0.6301587837 0.4405247816 0.6930683486 0.0931090076
0.0980678119 0.9574676004 0.9879410281 0.0031913827
0.3590864341 0.9928424295 0.3176396540 0.9679551631
0.6300378783 0.0156073976 0.5118506103 0.0430863042
0.8697799700 0.8605279667 0.5365902877 0.7678730023
0.7650995415 0.8722699759 0.8400787234 0.7264003681
0.0328882432 0.1381237868 0.3442295810 0.9688234707
0.6002004386 0.2297548159 0.8375357852 0.6469281927
0.4731110335 0.4618650897 0.7517945676 0.4101271160
0.3485295162 0.0870999609 0.3130249515 0.6558057194
0.2402680388 0.4533938647 0.5536440300 0.5164504867
0.3317354613 0.2128903996 0.3282682432 0.1337360308
0.7637373976 0.1165754042 0.1263959899 0.0767102179
0.2415739684 0.0437171977 0.4226964846 0.8505080682
0.1648597273 0.2703484925 0.1722497173 0.1141465653
0.5112554788 0.3575207533 0.5145463469 0.2093481232
0.7902682463 0.1668860783 0.4438330688 0.5851590795
0.0500297771 0.3358355817 0.7686528374 0.4160834248
0.8845695573 0.4880036173 0.6087780466 0.2852533494
0.7914831491 0.1474067040 0.5915999435 0.2872495219
0.9015441746 0.9984033943 0.2116890419 0.0694765456
0.0181833679 0.8935666719 0.5559511936 0.8284130410
0.2209147316 0.2406392743 0.4793416460 0.3062455119
0.6718099072 0.5523289165 0.9034920417 0.4624065092
0.9396646758 0.7210861567 0.7423651735 0.4595229551
0.6267855044 0.5905066063 0.9469411543 0.7953615902
0.2231602097 0.3676855291 0.8525114159 0.2529104392
0.2884983986 0.6464830044 0.8594210517 0.7661969079
0.0608205337 0.9238426270 0.8218582782 0.6300611976
0.0166879976 0.2191891833 0.3428003219 0.4266401870
0.0089338119 0.0965186144 0.6708026936 0.2464520329
0.2973284239 0.3466352525 0.0545067821 0.7499036647
0.5845595507 0.5117057764 0.6725400169 0.7074694881
0.9348217426 0.7812892660 0.5605945704 0.3714395775
0.6239385947 0.3602127408 0.9057132821 0.9459216340
0.5832097481 0.7674198927 0.6843316273 0.6925568317
0.4938483780 0.0450825827 0.2576114860 0.0981023636
0.4060670070 0.1293383895 0.1361676794 0.6882010597
0.1659256990 0.1569196881 0.0353830820 0.8386933272
0.7667125276 0.0140721177 0.0426986033 0.2720386635
