5 100
0.7145007418 0.4593858937 0.5764905388 0.5941155581 0.1464429465
0.7382379960 0.1004752683 0.2724326319 0.1313048406 0.8660979169
0.8207336119 0.3114171804 0.5770115222 0.7295182225 0.8245520369
0.7586637424 0.1421321682 0.7270254890 0.1961132898 0.0374170738
0.6336259887 0.6795511235 0.8375076426 0.4300781700 0.7831537173
0.5036057476 0.1704692600 0.5513567461 0.2484048549 0.9936374541
0.2624784732 0.6737282310 0.0109735516 0.8137675418 0.0483138286
0.3129147255 0.5673982782 0.7885569330 0.4252592770 0.2526347067
0.5434898433 0.6599227761 0.4083996216 0.6990828230 0.0475573397
0.9383131829 0.2254795481 0.2487365930 0.8857476119 0.1647351036
0.0332116460 0.3257541628 0.3424017555 0.0402274751 0.0405930007
0.8190036194 0.4436036853 0.9642154345 0.7152523154 0.0796728554
0.0238600577 0.7670413236 0.9542390329 0.9426948211 0.2077170918
0.3795080501 0.3909745328 0.6507912897 0.4542713853 0.4763808794
0.2360691805 0.5645302534 0.7085740557 0.4148237183 0.1116540469
0.8158697946 0.4094859891 0.6385109854 0.8343890045 0.0986257258
0.3324451911 0.0873721186 0.0924445223 0.5267043555 0.2884394673
0.3552420775 0.6479249359 0.2086282605 0.3475877895 0.2733629115
0.2683203124 0.2044394762 0.5902437725 0.4104507240 0.3579926840
0.1207774627 0.7156179770 0.4452923197 0.2396138246 0.7994709487
0.2906557561 0.4470503115 0.3065554290 0.6733312367 0.4317237719
0.0312270344 0.3600109943 0.9189058277 0.4905556064 0.5479424268
0.8017418762 0.1047149377 0.3355232279 0.4277438279 0.1314953260
0.7749098834 0.1799339801 0.8417767984 0.9211591263 0.1397266434
0.9306252152 0.7002504909 0.2095926287 0.9473005103 0.2291725259
0.0504069795 0.5470907027 0.9513846902 0.0690787039 0.4206752190
0.2813790493 0.6877224227 0.7827496090 0.7778243661 0.6129859393
0.1426560613 0.9213465269 0.7244445865 0.5706805908 0.9164218602
0.5226011976 0.4259431807 0.2599230206 0.6431527059 0.9913399547
0.6323778145 0.5507209424 0.0576047904 0.2311955393 0.7846416623
0.4137055234 0.6833048867 0.8865973125 0.0491133982 0.9366100071
0.4071337779 0.6402012521 0.8625178076 0.2112143467 0.6322302853
0.6213836641 0.3515822115 0.4162228521 0.7230794078 0.9030255943
0.5298702236 0.9597470023 0.7114329210 0.9486124158 0.5901049871
0.0132035355 0.4980617083 0.6025932535 0.1946232950 0.6145315255
0.8651665622 0.1311952079 0.4858197943 0.8803059975 0.7637342953
0.7432651133 0.0069934733 0.1720347438 0.9775062099 0.1672644486
0.8693429955 0.2985038863 0.9564694619 0.0896417680 0.7798964253
0.2335021964 0.9843609112 0.1176137411 0.3580472197 0.0935802837
0.6667810444 0.0685269004 0.4927266670 0.8231681406 0.9715857493
0.6841607631 0.1520520828 0.5288299789 0.3588144027 0.2704941162
0.5183633385 0.7845630399 0.0676084849 0.3314489315 0.9224641628
0.2360651619 0.3273811634 0.9287974910 0.3310117604 0.0105493946
0.6542298458 0.1892947716 0.8072853028 0.6310857447 0.5139110446
0.1687011602 0.7678735120 0.9043914964 0.5895423000 0.0150007403
0.5788735722 0.7035017464 0.5857914767 0.1559584781 0.5916138385
0.4044683808 0.8623152703 0.0395106202 0.1721967349 0.2874085423
0.4860646284 0.5332950114 0.3654579321 0.5002082921 0.7281216888
0.6334929626 0.4093910138 0.3959919254 0.6342545593 0.7433385316
0.4107311604 0.8361198478 0.3379770508 0.6874368604 0.5049944066
0.0103403683 0.2954210388 0.6787678611 0.1130635909 0.7229930027
0.3422302935 0.8717594035 0.7990120349 0.5008337064 0.6723860740
0.0017274686 0.0584350942 0.8910476414 0.1044180622 0.6763521098
0.9722351885 0.1604348447 0.1759334324 0.9944537946 0.1376205564
0.3379936404 0.3452206508 0.1081758107 0.7319526139 0.6933155639
0.7464336307 0.9567033646 0.7376218239 0.3793931142 0.3172626092
0.4278646427 0.8784409692 0.6949002412 0.4213659520 0.8736169788
0.9596619447 0.7016665967 0.9455581592 0.8425996738 0.1849867835
0.4668894779 0.1871035839 0.0801017189 0.2523019703 0.0470671551
0.9628971087 0.3198989098 0.7173705918 0.2295393980 0.3971243495
0.2059433871 0.2408889013 0.4693047178 0.8454786688 0.8553564938
0.5351864226 0.9498708205 0.8117779022 0.0099410258 0.7876473240
0.8661048204 0.3684981759 0.1039181180 0.7006858912 0.1019035216
0.8982651729 0.8306584602 0.5731338772 0.0786145005 0.8670576071
0.7181106162 0.5097489544 0.1517884239 0.2115477919 0.9648657231
0.5737029822 0.1824780651 0.0713175408 0.5868275410 0.2414423711
0.2447063829 0.5586697963 0.5395073339 0.4124502697 0.2665079121
0.9059832101 0.1697659852 0.2479880334 0.4091102192 0.6079962994
0.0329197010 0.0803015861 0.4000364568 0.0616461272 0.4571100170
0.3123495049 0.1927691415 0.7530777027 0.3692420078 0.0249863804
0.1866924078 0.7103123653 0.1828173221 0.9800952291 0.0023788377
0.8592118178 0.0381975647 0.7298260763 0.5056009743 0.5666567038
0.8558801775 0.9124449041 0.5786214798 0.3429533066 0.6688931416
0.3219131637 0.4854519485 0.9904486754 0.9951086771 0.7605535981
0.4243949709 0.6880875646 0.5019624132 0.7216201205 0.2313927380
0.3073018856 0.1850284828 0.0543933221 0.7173046953 0.8691621092
0.3304261795 0.4062849106 0.9425992230 0.6967974843 0.1168329420
0.4997512411 0.2823474453 0.0288621909 0.0041529415 0.5320873806
0.7237866510 0.9137063944 0.5866850735 0.7225383834 0.4496868987
0.3606851183 0.5833581115 0.7797882746 0.8089901603 0.6484089373
0.7880119645 0.4056416239 0.5051316332 0.7551187730 0.2024273783
0.2916826693 0.9900485356 0.5683043131 0.4684054185 0.9162946957
0.7077494287 0.5974888052 0.5235507354 0.5666419472 0.8752205951
0.7043077945 0.8824473245 0.1419321663 0.6573997754 0.6372582964
0.8666379965 0.4008313683 0.1115737810 0.5221513887 0.8479502810
0.4119833459 0.4294912827 0.3744576038 0.8908954429 0.5131063902
0.7309786305 0.5041665450 0.1343854912 0.0527540784 0.5976834044
0.3582941521 0.3587155455 0.7319200321 0.3699957145 0.3607221798
0.6005148195 0.8346223239 0.0752369007 0.3275509421 0.3839529293
0.4116235005 0.9338907884 0.3700841789 0.7975661851 0.6440194328
0.4698478150 0.3478742481 0.8090936900 0.7778115237 0.0410312592
0.1554527201 0.0750988102 0.5047439835 0.8257769026 0.7337516978
0.0660398472 0.1502772334 0.6359938983 0.5664078687 0.5379602675
0.7538075334 0.0416971838 0.6265785205 0.8956851873 0.5985518451
0.1642264288 0.4392931732 0.3901534553 0.3276703966 0.3403170803
0.2838312738 0.3073897270 0.1412290611 0.3313426892 0.3442672768
0.4963576580 0.2958235559 0.9437573311 0.4632960572 0.0512868147
0.4632800621 0.1039597360 0.1326865529 0.3230952917 0.1647536380
0.4902819257 0.9377946133 0.6078262101 0.4329755715 0.1543645113
0.8407323040 0.3349716508 0.8810542404 0.5379918392 0.8445032677
