6 100
0.9854231693 0.3081749261 0.7630067244 0.4485048222 0.3078436222 0.0218103955
0.2021071188 0.0402526259 0.0431842018 0.7304140152 0.6351607562 0.8613937143
0.3755628718 0.6007191942 0.4064199719 0.4153520896 0.3356362806 0.5616855009
0.6560184921 0.6079627315 0.3448097549 0.7820819322 0.7071384179 0.2890564874
0.5651598844 0.0810094723 0.8381869071 0.7970473112 0.9400909514 0.8459493042
0.2511864701 0.1270933785 0.7186722457 0.5975286701 0.7757245813 0.1826705169
0.6643245742 0.0417481233 0.3857835061 0.3573541256 0.5296628388 0.9621082784
0.6719092491 0.9121622964 0.0773433936 0.9360576800 0.8090001243 0.9041045393
0.0909872762 0.4500910774 0.2869423424 0.6506619201 0.2565452924 0.9347589415
0.5050770082 0.3840224808 0.6262866647 0.5971671994 0.8952098974 0.3654768586
0.5552929128 0.5674099868 0.7238088065 0.1831066874 0.4445560973 0.3732386795
0.9656070936 0.6748020041 0.6782142540 0.7455084549 0.6631512953 0.7725272772
0.2597406424 0.3797497046 0.2909596022 0.7167928487 0.6123899515 0.7379288001
0.4110579342 0.3643950713 0.9920675314 0.5436056024 0.2695188704 0.8220967912
0.4460305793 0.7616488635 0.7173034279 0.1479906668 0.2333681663 0.8505106649
0.0773999406 0.8598576782 0.8738032670 0.7609032969 0.1624348476 0.5348960355
0.1999836432 0.8876016670 0.3428041599 0.1441954257 0.9944707869 0.6221471530
0.7027568560 0.4178744103 0.3880732122 0.0076695121 0.4010399221 0.6160942049
0.7208720824 0.5345625285 0.2516354528 0.8558496336 0.4572562160 0.5822710133
0.8836831493 0.3654804396 0.1650607506 0.0318427688 0.9132550596 0.4047373771
0.1672466782 0.6346668399 0.8656303902 0.7234505878 0.7193103944 0.3676129540
0.8938464891 0.4078604963 0.2794792428 0.9413589391 0.2633491358 0.5422730704
0.2167182284 0.2411325670 0.9904347910 0.0064887389 0.7167237095 0.6000737815
0.5102691274 0.2238193937 0.1961185727 0.7172760412 0.5040568881 0.6138933764
0.7414744374 0.1699526032 0.9633398629 0.7658288488 0.6269167100 0.9762231229
0.8234676400 0.2679746613 0.6439491202 0.5290022975 0.3101537911 0.3019411296
0.5163633678 0.8783017431 0.6700293308 0.5166547057 0.9106874878 0.2924773446
0.8534035618 0.5821339211 0.3017965835 0.2858760089 0.3517703089 0.4896705416
0.5121120300 0.9790155093 0.5865261056 0.6283875215 0.9305046207 0.8805327334
0.7419740394 0.1050239982 0.2128605412 0.0120871999 0.1947675129 0.1589683962
0.2534201192 0.8544788357 0.4246939391 0.4660729590 0.4707095660 0.1568789629
0.2428719316 0.8183314564 0.0544710024 0.0118164819 0.9067775628 0.5101639080
0.7826083512 0.0215556250 0.9296331979 0.4485165507 0.9667778694 0.2935591329
0.1749176473 0.1852465370 0.9352417378 0.8502016081 0.2839284820 0.9827801195
0.4989410184 0.7272099985 0.3221498526 0.9044644305 0.8749794074 0.9843309944
0.6364263264 0.4923981457 0.4805265112 0.3729621352 0.7751281274 0.6527125300
0.9252773651 0.8958425580 0.1827685703 0.6734056302 0.2127272180 0.6303376306
0.5518600340 0.1519305547 0.7814506683 0.3771925175 0.4147176448 0.8862752070
0.9790254133 0.9194872022 0.3814340152 0.7584330753 0.5441823580 0.3352768881
0.4845584438 0.7571345272 0.7373782819 0.7478108408 0.8885653074 0.3551016293
0.0165438566 0.8647060331 0.4631775959 0.3078286543 0.0806748167 0.1565867094
0.1707459898 0.6549925224 0.9192821743 0.2096511623 0.8472642799 0.9978421836
0.1276673058 0.4402023875 0.1590021370 0.1208984750 0.1554121112 0.7372060700
0.7088246485 0.7595133925 0.2856876633 0.3163037682 0.8061094163 0.3410239006
0.1134932295 0.5245441051 0.4943273872 0.8869576116 0.5095375575 0.6079704871
0.7330623186 0.8467004843 0.4160465933 0.9398663531 0.0398601096 0.5610742552
0.4012491157 0.7601019536 0.1461308990 0.3052975564 0.5253254981 0.7301634905
0.7513099119 0.9548747164 0.0413069973 0.1424482736 0.4425780389 0.0854832003
0.5235173638 0.9978548812 0.5148039682 0.9554751175 0.5347739469 0.9997452932
0.7635145647 0.6678392213 0.0358832500 0.1236705465 0.0104338524 0.5108563360
0.6619698374 0.4332452145 0.6916728411 0.9725254670 0.7041006693 0.6956061027
0.5821293333 0.1991105898 0.6035523692 0.7675272230 0.3045628478 0.6815228111
0.9616911057 0.5590859389 0.4422140576 0.2210223378 0.9777904398 0.7988960889
0.1937804407 0.4252676396 0.7388460480 0.9960120923 0.1634465691 0.8395355464
0.2018671063 0.4445655518 0.8380485112 0.8627306971 0.2491285384 0.2401921746
0.6630404117 0.1592063176 0.0728009794 0.5160753762 0.7769859543 0.3976219665
0.0971667757 0.4345650792 0.1069868719 0.6598035868 0.0478367020 0.6766275118
0.1402521408 0.4978798194 0.8891125682 0.8409933982 0.4438368336 0.9179165708
0.7752420325 0.6449777995 0.0374983937 0.6668821502 0.4730396304 0.7672656450
0.8817217904 0.1649130436 0.8051753684 0.3445960567 0.6613164358 0.2242709916
0.4135615820 0.9946721467 0.5275882872 0.2770408442 0.4965881811 0.3308315391
0.3945777169 0.7583532977 0.5478190746 0.8040946839 0.7011021477 0.1961640428
0.8506116108 0.8244829891 0.5875606860 0.0283361170 0.5174815264 0.2746804037
0.2811833375 0.8477231093 0.8790611016 0.1991965825 0.1633544343 0.5581657929
0.5450640922 0.6146492073 0.8489708469 0.0249272681 0.4587483953 0.5862693257
0.9185540409 0.0384630651 0.0505967697 0.9613611183 0.5345288752 0.0869046504
0.6049357826 0.3997836354 0.9390953430 0.3845560473 0.8633038354 0.7019866066
0.7404739536 0.6319202863 0.3183720110 0.1431486482 0.1956483402 0.2028767424
0.3963762617 0.1352183345 0.5466983626 0.4965952815 0.5075280465 0.1580058889
0.6677655713 0.3748501979 0.1132478953 0.3225823932 0.3685452566 0.1407471982
0.7719453203 0.8260533145 0.0336618695 0.8810491665 0.8931308621 0.7304388564
0.6794225030 0.2162677701 0.0629045426 0.1886552929 0.2104793257 0.5846582232
0.6773136808 0.1283638894 0.5946204679 0.8185373398 0.2495984577 0.9802482647
0.2056334700 0.6927129466 0.2376723406 0.5544637560 0.7024711512 0.0563824298
0.8398106818 0.7658610247 0.8823413894 0.1038252097 0.6035212289 0.1220051967
0.0427641825 0.6985778564 0.1871134582 0.9301609530 0.5574505870 0.9693754540
0.6615532079 0.1427044525 0.6691211671 0.6295380324 0.1203861455 0.6504972259
0.0008902207 0.8797269530 0.7696824537 0.2499253760 0.5256545241 0.9763811486
0.3835435703 0.4281213885 0.0263238638 0.5369570971 0.5619977284 0.8039282932
0.8472558443 0.6556369854 0.9976114924 0.7441819910 0.2569681343 0.4624413222
0.1315064290 0.5339642063 0.6275076225 0.5124372478 0.3343849772 0.5765669430
0.3695709611 0.9380389079 0.9026998535 0.6389214357 0.0305671712 0.1334870176
0.8950382925 0.3708560707 0.0973037272 0.7552030139 0.5630983028 0.5889215630
0.9865118387 0.7307878363 0.8876480009 0.9235030315 0.5601477441 0.1893612632
0.6323359403 0.9704458897 0.8680954727 0.3532096735 0.3509242553 0.4569148588
0.7723483057 0.3969852194 0.0290615235 0.9806503871 0.9790405745 0.4670255715
0.1012843743 0.6462639352 0.0735488768 0.1991488122 0.7398877794 0.5908177278
0.8933382703 0.5184974940 0.1672674096 0.1442657085 0.3405015981 0.4332158456
0.0061774905 0.7282836881 0.6571920245 0.4946255722 0.4277077495 0.5943394836
0.4854468272 0.6059910489 0.3798759586 0.0948605643 0.4133229457 0.5249703660
0.8760668872 0.5763829538 0.5937847721 0.7534190596 0.2952448191 0.1326614546
0.5646413572 0.4888257645 0.5134899380 0.7601982937 0.9847117039 0.2233681948
0.2057022881 0.0596418441 0.8311914790 0.0341147390 0.2821193526 0.4862154895
0.1458463983 0.3990158264 0.6757012940 0.8532952947 0.9570654182 0.7328039038
0.2424942897 0.6603686396 0.0141539408 0.5395623939 0.1434638732 0.9632830040
0.0909025713 0.8763923376 0.9976175233 0.6747980409 0.1604261697 0.1178225481
0.6537078492 0.0546332722 0.9393675735 0.4590151646 0.5191908813 0.3787491420
0.7331138638 0.1815094235 0.0824248594 0.3608049899 0.5937496497 0.5665505708
0.2773224732 0.1188829861 0.8391121061 0.4260575962 0.3507578808 0.9455604714
0.6206100383 0.5358331574 0.4030424026 0.6971916535 0.2645461266 0.5292277087
