7 100
0.7279956670 0.4954948126 0.9988764710 0.2800180409 0.6980481185 0.2534247444 0.6189086054
0.1863993295 0.6959817629 0.1392603868 0.6315698876 0.9403994608 0.9599095244 0.5007779633
0.7905464308 0.3338942286 0.3495445510 0.1344938903 0.5369545942 0.4001286896 0.1204342529
0.6102578414 0.2480950563 0.7246966973 0.9308769334 0.4184250517 0.0869575028 0.4279013855
0.8371681079 0.1525004132 0.7274969103 0.4462984885 0.9982840070 0.1223176033 0.7565170854
0.6113119918 0.3343860903 0.9074116223 0.9178814106 0.6159979892 0.0715013723 0.6611491007
0.0201137686 0.2292824143 0.6918083350 0.6297623385 0.5341154494 0.8764134849 0.8938472859
0.7430634628 0.8155740695 0.4540615258 0.4802917628 0.9045949823 0.6068486957 0.3972125433
0.1290593437 0.3258447489 0.5313248097 0.9950594349 0.4686231138 0.6817459742 0.8686272010
0.8850461451 0.4879342406 0.2640722795 0.5097947066 0.9153299707 0.7403071004 0.8387491245
0.4311378298 0.3512667772 0.0111892047 0.9980195261 0.7949916930 0.9078783340 0.8439189631
0.1771196134 0.7090095212 0.1413148392 0.8204405613 0.7703401604 0.5007600859 0.4130521271
0.2478632922 0.4325872572 0.4533935498 0.0953322088 0.4414244793 0.0428314763 0.6645385013
0.2384187539 0.3831926367 0.7803123046 0.2164480606 0.3893649856 0.1085709858 0.1725563057
0.7344761234 0.2101142665 0.1630169355 0.7583171616 0.4309019974 0.1093723505 0.4525478120
0.6179251366 0.9837349665 0.6025888013 0.1083951042 0.2121831724 0.5086765544 0.9803733097
0.7349043678 0.4375252546 0.7652504863 0.9423550333 0.5199576195 0.3244364015 0.5763966741
0.4141202516 0.4308174308 0.7256933021 0.9070140550 0.1198372259 0.0407969164 0.7021624780
0.8401885284 0.2826328973 0.1632789545 0.3786471404 0.4656406169 0.5735414350 0.6817384837
0.9696699879 0.6734148409 0.2422877383 0.3667288898 0.1116511412 0.2894263552 0.5444243252
0.7751737087 0.4478037056 0.1676954603 0.2864667048 0.4232370349 0.0510198342 0.5506034754
0.0176252079 0.9122524750 0.9435587197 0.2563898024 0.1323432735 0.4686680715 0.1345086695
0.6047223375 0.8451246976 0.1574217653 0.2847946499 0.1000180369 0.7004839401 0.1123892361
0.3745698212 0.2623456568 0.8193627894 0.9415811011 0.1587064352 0.5733709417 0.2837806101
0.0987962210 0.3670988754 0.6180921649 0.1774562623 0.4094731304 0.2555482895 0.1739056813
0.2268989374 0.6222749768 0.4409899598 0.1657052396 0.5034873758 0.6997965482 0.4436340882
0.0766966111 0.8101482529 0.0608312289 0.2203836820 0.4216706097 0.1741839993 0.4154644330
0.5016377575 0.6482509117 0.4827955034 0.2179933830 0.6036318223 0.9665299421 0.8765799417
0.5605088317 0.6448491582 0.8624998432 0.1895973706 0.6088652541 0.9092273298 0.8213272064
0.9146076280 0.1146009257 0.6304970229 0.4013618049 0.3053021097 0.1692605779 0.8291124741
0.2184778383 0.2043867706 0.3045106507 0.5879291587 0.4334796683 0.6642945458 0.4966310709
0.9536720481 0.7650236994 0.0919520334 0.7917048602 0.3369433297 0.5991134990 0.8782905525
0.9966509183 0.2508310888 0.1373490465 0.9569669294 0.6587693534 0.6703263084 0.7858752961
0.5023411794 0.2073577741 0.9351794293 0.0942786015 0.6424663725 0.2348458348 0.4162755440
0.5527124018 0.5626001762 0.9066598278 0.4290356717 0.2715494670 0.3476809917 0.8624414214
0.8175773092 0.3512754272 0.3819850977 0.6208327025 0.3572593014 0.4279919550 0.6477044825
0.5588363062 0.8492398562 0.7413060571 0.0347325233 0.7549948506 0.8396981956 0.1702145712
0.2459683978 0.2853053905 0.1469341375 0.6147159458 0.2567685072 0.2402510291 0.2316405501
0.2258776901 0.6274503409 0.9144788319 0.7045173878 0.6293032376 0.9305278700 0.4433671310
0.1276461067 0.4789042566 0.2938418869 0.4741455543 0.5146251219 0.1995687633 0.8579417435
0.5651121519 0.5962580994 0.3301490492 0.6451156979 0.8080817022 0.6831169116 0.4719973501
0.4451954642 0.3279024261 0.2626362224 0.0890689898 0.1123903940 0.9662275469 0.6793291244
0.5914093834 0.6490458523 0.7924654256 0.4789543917 0.2330737057 0.3728770144 0.8509551396
0.4079589951 0.1346724399 0.3192826572 0.6911799163 0.5375574486 0.5140133528 0.9582250564
0.7200025012 0.9216490792 0.6437481387 0.0192481373 0.5634492221 0.7097391080 0.6529856137
0.8558382223 0.2591262445 0.3743726759 0.4005112861 0.1269498559 0.0713769667 0.1604782588
0.7347695289 0.6013240706 0.7695506521 0.9941237584 0.4269117345 0.1631981878 0.0307526881
0.2236597733 0.3720926224 0.3024778639 0.0068640287 0.5217275557 0.3034687647 0.8372950911
0.8202110698 0.8743440350 0.4152829313 0.9344097960 0.5970742142 0.8008429295 0.5595540343
0.3985154290 0.7556810263 0.5878569020 0.9826480454 0.2051187027 0.3612012128 0.4690889772
0.1125316047 0.8782525670 0.3934521189 0.3074826834 0.1346215765 0.8382846895 0.0991210608
0.6153866551 0.8340972626 0.7523005365 0.0883685473 0.1777817607 0.9639361272 0.5204928901
0.3467286904 0.1560630078 0.7857308343 0.1958631643 0.6877325280 0.3520023715 0.9751190189
0.6275960928 0.5822421249 0.5579115961 0.2758584610 0.0437509158 0.2356962561 0.3269568367
0.2161384982 0.6269290229 0.4458731266 0.1713013608 0.7232007137 0.9349017592 0.2460050966
0.6667697516 0.2650085417 0.7932225277 0.5474891502 0.8236458379 0.7592979462 0.7210708561
0.5421185237 0.5091310288 0.5360732048 0.0611657465 0.4285231315 0.4025292332 0.3226365864
0.7124508059 0.3461846324 0.8043907738 0.7947952555 0.2430422614 0.3778476371 0.0099620096
0.2153976964 0.3035201066 0.3116565503 0.1242850414 0.2044750763 0.5459924522 0.9013001024
0.1311465033 0.5788388852 0.6413383211 0.6366344550 0.9263801169 0.8728525104 0.9760552627
0.3104508006 0.8669307092 0.7631162421 0.2455703135 0.6447078513 0.3413290457 0.6240536942
0.5350750317 0.5989394501 0.9327797415 0.4449179585 0.6870717512 0.1733821408 0.9826365933
0.6166422274 0.5636724689 0.1550385145 0.4336361518 0.6739937429 0.0585289198 0.3418625102
0.2956612905 0.4464241366 0.5096248022 0.2944020875 0.0371692371 0.0193011488 0.5146632883
0.0808204888 0.3068670167 0.1829238298 0.6011220878 0.2744910736 0.2600204392 0.6430338533
0.0970292987 0.0427036442 0.8391269149 0.0765706490 0.2455452031 0.5176326353 0.4817001113
0.5172850548 0.1003388813 0.7351450407 0.3280407418 0.8883105092 0.8562159487 0.9561523338
0.3940282039 0.4887788979 0.9689281295 0.8525128157 0.0022701204 0.8378122716 0.5315219340
0.0440712165 0.9067318513 0.1448503974 0.8183983815 0.4949339836 0.2736123732 0.2588571787
0.9552904905 0.1137616767 0.0083145107 0.6188284068 0.3158220725 0.5883791833 0.9690561663
0.6708518637 0.5875901138 0.9464135334 0.4759609548 0.3598386184 0.6220322148 0.6340601876
0.3808138956 0.0174610641 0.2896632479 0.8211394873 0.9807694613 0.0632724399 0.6518803357
0.4408604541 0.2241039582 0.5755204115 0.0811736221 0.1774724619 0.9173096369 0.1631306363
0.7137714727 0.0599191949 0.0050136421 0.3466120969 0.0898763505 0.6723719237 0.7720021184
0.4274442247 0.9337378755 0.4741631098 0.4489819759 0.2748045149 0.2175410962 0.3358679895
0.8967322331 0.0056866315 0.5455290045 0.5198428455 0.8149053994 0.1217184870 0.2650307884
0.1816633843 0.9966790301 0.0616516915 0.5669245143 0.5247852294 0.4108814621 0.6725484328
0.5962569188 0.4415012050 0.2480337996 0.3004885394 0.1032715448 0.1166694689 0.5238264230
0.8880725168 0.9765659116 0.9553418412 0.6014181262 0.7329194805 0.4493655226 0.7892003326
0.5236705974 0.3277267948 0.7982231004 0.4505414231 0.1382593752 0.7039126325 0.7571844016
0.8738224005 0.3581466766 0.4102606304 0.2460405312 0.8984400827 0.0997641713 0.9881968593
0.9329622913 0.1009625700 0.8796255876 0.4641836799 0.8590028477 0.4384490167 0.3769904505
0.9322994985 0.0281152267 0.1452385119 0.7792218689 0.7546627823 0.0407320840 0.3939983762
0.1550186244 0.0422683174 0.9928732796 0.5323841569 0.7141710215 0.6437003917 0.5748319382
0.9028588038 0.2307337368 0.5339341494 0.3384389430 0.6839438591 0.6001916921 0.8846506567
0.4853611944 0.2781483176 0.8208473153 0.3131055384 0.5338221667 0.6132524110 0.6402821654
0.7436853481 0.6558738131 0.9983785684 0.3440937176 0.1920712965 0.7007324528 0.4038410172
0.2964438288 0.9812879763 0.4507530235 0.1087963364 0.1037262283 0.9902631853 0.9312202653
0.3567752381 0.0762097006 0.9509133106 0.5810925141 0.1289154097 0.3941606225 0.9820009451
0.1486857622 0.7513643868 0.7192265427 0.2502409547 0.9423400543 0.8861705059 0.3927754612
0.3275940209 0.3331363232 0.1473083441 0.9976239390 0.4343013855 0.0807576560 0.0320709321
0.0262552803 0.2751973894 0.3202713449 0.1397983725 0.8894003588 0.1574319176 0.4013196361
0.9446032213 0.3448625837 0.4757314732 0.0184524687 0.3390536863 0.5663777571 0.3235910007
0.7972469835 0.7360450050 0.1580202969 0.3762310823 0.6477273392 0.0377659419 0.2653421614
0.0755872378 0.4699225078 0.8960540066 0.1506421882 0.0187398240 0.4569379344 0.6330249683
0.8430230137 0.5363180830 0.9810665880 0.0925633043 0.8006937031 0.5069271181 0.7964189902
0.2808628390 0.0528928481 0.9648164879 0.3336212274 0.0284764828 0.1992658660 0.3632299790
0.3047074081 0.3812687136 0.8604697096 0.2596766563 0.4318902142 0.4566400724 0.1734677986
0.6163697465 0.5485201280 0.0876262447 0.8108061846 0.1638956825 0.9703184694 0.1351498922
0.9540407779 0.4624701282 0.1284726090 0.1489804915 0.4637673808 0.4290770086 0.4959895055
