8 100
0.8824849440 0.7873566249 0.0490554896 0.2285553357 0.7338536169 0.4220588034 0.6208061409 0.4328274312
0.0397854728 0.8963049658 0.1418098507 0.7757429429 0.6270601629 0.5097857620 0.6515815172 0.3222086588
0.2810038162 0.1862222459 0.0893198680 0.0335543743 0.3043882586 0.9995675216 0.3740946209 0.2426757609
0.4328285374 0.7356804830 0.1593422583 0.7754583264 0.4639174034 0.1524473344 0.1186105287 0.8633175993
0.6410365867 0.9648127930 0.3924550253 0.8262075807 0.1458134470 0.6188296508 0.3098616172 0.9034822457
0.4934820181 0.4460398619 0.2600524755 0.0491973689 0.8496811983 0.6533361192 0.5068108078 0.8984043610
0.6538847134 0.2399617437 0.9361957759 0.2148782843 0.0487915251 0.7849962083 0.3546694000 0.6073112280
0.8962274417 0.0151753786 0.6543583415 0.1391193532 0.0667212252 0.3633468266 0.1378993663 0.5986354151
0.3843019406 0.1466151165 0.4118085269 0.2277708270 0.6920498305 0.3086181888 0.9754816136 0.6323109319
0.5631941679 0.4018468137 0.8434637014 0.4148370526 0.9781693873 0.5286529032 0.6727785769 0.5614876536
0.8625759356 0.9095294523 0.3023837906 0.2010199886 0.3248951279 0.0814465863 0.7951086286 0.3693768241
0.8194751280 0.6498374498 0.7512182581 0.0176033897 0.3120259867 0.8833224568 0.9506223522 0.6567884573
0.7328951662 0.3247375251 0.8563287852 0.5014615692 0.7858796275 0.6117608053 0.5396860089 0.0378102391
0.8582740431 0.3929023727 0.4007078814 0.8058056510 0.0485169447 0.8697402814 0.8528773843 0.1993759404
0.4550213943 0.4388974904 0.4288423630 0.6907082009 0.2498344261 0.0531958372 0.9001683530 0.9291271148
0.4409632981 0.8008553062 0.3979589413 0.1415534966 0.8731814602 0.7760327939 0.9669449393 0.6237878615
0.6676379740 0.7303286760 0.1392896134 0.4652166365 0.8094529184 0.0164991067 0.6006673160 0.0349626304
0.7128244383 0.0514448750 0.6316566206 0.9172087173 0.6225327248 0.0372716732 0.0357178146 0.9803032548
0.9241174671 0.1548010269 0.8634505366 0.2059783025 0.4887045061 0.9237548792 0.3268995551 0.1013760497
0.9671337787 0.0674593401 0.3476642735 0.2366370323 0.5446758899 0.8826817510 0.4732366627 0.3898442334
0.7988218887 0.3388331149 0.8007366476 0.5130539023 0.0703196726 0.4225864181 0.1523275494 0.0315576194
0.5220267322 0.8712671409 0.2841764982 0.4753089040 0.6767786748 0.7701699241 0.7101911606 0.6974028892
0.4465584621 0.4483012408 0.7602723836 0.4863778973 0.6441632059 0.6106773141 0.5408760992 0.4589673248
0.9171188477 0.0632660116 0.3459040579 0.1237134991 0.3957065801 0.8599439149 0.8733925985 0.8962816386
0.2521613643 0.4001130719 0.5685410954 0.4370004666 0.2926281930 0.8978724679 0.3531441927 0.2315032353
0.1226224991 0.5226716802 0.6112232039 0.6281704752 0.8385757453 0.5029560828 0.4048389005 0.1213275841
0.6239211557 0.6376988331 0.0711099551 0.3136157407 0.1203610809 0.7431790793 0.9365953276 0.4529359217
0.8383426502 0.1295685432 0.3999981656 0.8818324244 0.7917580729 0.8010012685 0.8164307193 0.9311165097
0.3656724884 0.6459689784 0.8369361144 0.3777579790 0.9072246948 0.8507130595 0.0889517370 0.5465826072
0.1155938424 0.4611205267 0.1517726418 0.2605244829 0.4189348601 0.1129782311 0.3422385240 0.8572962828
0.4458743841 0.0111735032 0.6880729642 0.4798870236 0.4890498498 0.8305960568 0.9275737421 0.6656081652
0.5482339773 0.7651648718 0.2742138868 0.2998095620 0.9337608721 0.1941140746 0.5723440932 0.9338380774
0.6688539173 0.6057962459 0.6365593322 0.5431086478 0.4155889271 0.2268577537 0.8821542587 0.4868877897
0.4190021627 0.4551071720 0.2877446207 0.3833672365 0.4373400168 0.7629103871 0.6140007411 0.4687346656
0.2945780955 0.9347527546 0.4640306659 0.0872695108 0.4589116649 0.4930885323 0.7841508907 0.8775423500
0.4262243315 0.9528843553 0.9983338627 0.1650366533 0.2393966848 0.0156189585 0.5518061552 0.8933276974
0.8113217055 0.3863738094 0.2043040578 0.1415498937 0.5685247116 0.7739443432 0.4680043916 0.0476974842
0.1467636160 0.1271818354 0.7665583161 0.1006009035 0.2189823326 0.9917274153 0.4602064343 0.1169558257
0.5078975556 0.3813202166 0.8530360538 0.2582545825 0.6375523176 0.8993580625 0.2797004091 0.5148648123
0.4646439148 0.4851039056 0.2550682868 0.2297706379 0.3329784163 0.0265449634 0.9487593131 0.7023792881
0.5203881630 0.7522032577 0.1284475337 0.9440268096 0.0029681856 0.9904971561 0.7760093216 0.9755030239
0.6097787288 0.0143307959 0.4738146514 0.5389708182 0.3393052260 0.5097676388 0.4472068674 0.1911231992
0.2520831005 0.4390403165 0.5105912734 0.0859925761 0.8354745385 0.9757880035 0.0143258661 0.8326704008
0.6672373290 0.3576048885 0.1821296569 0.9195350333 0.5312203259 0.5825385118 0.1157984236 0.3555220557
0.6555862326 0.3726015816 0.0562485881 0.5574568886 0.2611647616 0.9624643020 0.2412426882 0.2073602069
0.0118050128 0.9217747624 0.7390677846 0.4840863400 0.9398117451 0.4294698377 0.9460961689 0.6894673727
0.0558297432 0.3173092859 0.0786284706 0.4116160078 0.2170401523 0.9048899397 0.0198652845 0.7793733309
0.9744344944 0.8196786756 0.8374038091 0.5573571880 0.3523677458 0.5287761862 0.8635143091 0.5373321919
0.1318958838 0.6181950264 0.7923051937 0.0003114767 0.5588226272 0.1306863579 0.9460858849 0.9002194561
0.4802553984 0.1796313818 0.8354066359 0.3544529764 0.1556300016 0.8126541295 0.5504914941 0.4167082631
0.5473933855 0.6017034948 0.6142395124 0.5909270062 0.1359334819 0.8966357177 0.1548569391 0.9541350113
0.7690648629 0.4420789915 0.8754421533 0.5416226112 0.1270015721 0.5650471589 0.4565261229 0.6148131565
0.7924482057 0.1039675232 0.6182678447 0.6772911267 0.3879947339 0.0457435359 0.9755356653 0.1153431468
0.9182327582 0.6366765603 0.2154111864 0.5742659159 0.7261258914 0.3810718099 0.4222452668 0.5779736568
0.9819692528 0.2419382808 0.8419158130 0.6667890629 0.1997396047 0.5297106301 0.3771553744 0.7264211738
0.8773854522 0.2602720804 0.1889663553 0.4700547807 0.2123814568 0.6510963481 0.8311948277 0.5910517537
0.3006519304 0.4105807743 0.8830311102 0.4659717844 0.8147325065 0.5748683001 0.8087926234 0.7867565245
0.4168163447 0.9138554009 0.0466005043 0.9989423840 0.9627907485 0.5309207473 0.6026131106 0.2757235477
0.2816486392 0.8427652870 0.7095615379 0.5860053801 0.8373666889 0.6089422982 0.9001666830 0.7756526642
0.1174414471 0.7087449500 0.7914039674 0.4296102081 0.4474671509 0.2811817408 0.0819896778 0.0714754737
0.0303165214 0.8473778892 0.0817265161 0.0534990775 0.0187715336 0.3494316454 0.3854247581 0.1082545391
0.8460488877 0.6904731491 0.1580664367 0.6817927658 0.3391936659 0.7284267332 0.6920437617 0.9500829720
0.0809040219 0.8351005436 0.0518088591 0.8171213001 0.7950665537 0.7619550401 0.1379787103 0.7484220757
0.0863001648 0.4148521102 0.0311750769 0.2725841667 0.1343829412 0.9694435042 0.7328864974 0.7793707186
0.7302915585 0.1375110128 0.3900306434 0.7132181739 0.9096353326 0.3929795742 0.2933302362 0.4304848299
0.7184867222 0.8632799082 0.5482468405 0.4249658851 0.4277842911 0.6159959976 0.7749293344 0.5565168852
0.6700576018 0.4581137618 0.0912452833 0.4235557479 0.0362219113 0.3695764940 0.1008775512 0.4341292140
0.1113944170 0.9764624428 0.3353430406 0.2624899445 0.4126627493 0.7260983663 0.3952095024 0.9566843635
0.6414630234 0.8344076144 0.7934629634 0.8249732478 0.3510669238 0.2149136081 0.3668990459 0.8281231969
0.8605887899 0.3888356637 0.9192255330 0.3521711032 0.6720061783 0.9838151507 0.8055549929 0.2951065426
0.3130972596 0.0601156872 0.4014273243 0.2591437864 0.2402612025 0.5590142106 0.0687848960 0.0082956506
0.4077403472 0.2020373540 0.2396968374 0.2002905544 0.4902452553 0.7375428092 0.6394878598 0.4354202780
0.9899849849 0.7516132973 0.6628961058 0.1306399205 0.8266555368 0.5715951859 0.7591902355 0.5797262051
0.7776996431 0.4326417920 0.4473567058 0.9834052249 0.6600607538 0.6737075096 0.4654636181 0.5896880662
0.3800487644 0.4883894956 0.8838186562 0.2802121865 0.3683650593 0.7776117388 0.8126190524 0.1397991835
0.8594896779 0.8132779763 0.2012290684 0.5013720296 0.5446028741 0.2045968777 0.2070941489 0.1054919736
0.4901546548 0.1962122796 0.0643241534 0.6286415242 0.3232019482 0.4201501640 0.8074111882 0.9430151666
0.5674188994 0.2914849423 0.4415820306 0.4864839006 0.7360224979 0.4458604651 0.1966192068 0.1250112881
0.5565888628 0.8226771132 0.6609102933 0.1625893859 0.6973249915 0.6770720335 0.5353287203 0.7196263564
0.9056235388 0.0105070383 0.2780545494 0.8735874248 0.9424083227 0.0664152034 0.3442825693 0.9895196401
0.2340674104 0.3077942613 0.6312362754 0.9464072122 0.7959022950 0.5110313314 0.4325515605 0.1708823715
0.7049491380 0.9573412182 0.2382986920 0.4467567328 0.7435122012 0.8640373151 0.1750514585 0.9001159732
0.6109727800 0.9480326536 0.0429756504 0.2037986586 0.1607146227 0.8464487104 0.7470834379 0.5567054354
0.2859009662 0.6594739297 0.5631635052 0.9771262429 0.4584599389 0.0107695079 0.4819522532 0.9208675625
0.8328485185 0.5053139559 0.6587941172 0.2352622802 0.3635360858 0.2530136112 0.0055811267 0.3715231693
0.7710940029 0.7682393527 0.0462650286 0.2215503023 0.1848417046 0.4079757914 0.9260935094 0.9277132286
0.5678458682 0.1224628655 0.2890376347 0.3062852396 0.9121933258 0.1178695315 0.1813742395 0.8255294551
0.5766862043 0.7547086422 0.9450546019 0.2094564445 0.7088505658 0.4327816171 0.7126415348 0.2008757637
0.9295056099 0.6454006935 0.1212269876 0.3513261002 0.3143200587 0.0641528315 0.8976313907 0.7264376619
0.8904768813 0.2589036765 0.9454628796 0.6925506626 0.9693950458 0.6912737645 0.0984320389 0.4213087269
0.4575645197 0.3728554145 0.3511878733 0.6394768308 0.2424668967 0.9830400733 0.2505277240 0.3468424635
0.8949049907 0.3209642564 0.0722873339 0.4289458236 0.8486112119 0.2980583374 0.1893708856 0.6292284778
0.7780511711 0.4418317835 0.2392604079 0.8256370437 0.5121321245 0.0059014693 0.7642014807 0.2069636738
0.3401776219 0.4786268827 0.1376297420 0.0217271391 0.9763633003 0.4489848758 0.9263244975 0.6638984171
0.7112934170 0.5566685191 0.5809285506 0.1395890348 0.2986980488 0.0111626849 0.5760119763 0.7656331177
0.1875962246 0.1017052104 0.7140992426 0.6871930926 0.0895038407 0.6607143393 0.8911959786 0.1088164145
0.5251135542 0.0260754360 0.5586089378 0.4140305876 0.6023173615 0.4616798613 0.8648650744 0.9550119068
0.1135489446 0.4666590227 0.6796591422 0.8930381883 0.5209478695 0.9245049011 0.3109602191 0.7576663225
0.1805740692 0.5467263657 0.2202327791 0.0089628385 0.4673131549 0.6167436028 0.4312309730 0.9017683407
0.8112918680 0.1022086914 0.3991516185 0.7720952430 0.1601650148 0.3358966389 0.6182437502 0.4404685711
